0 0 0 0 0 340 100 429 320 
1 0 0 0 0 341 100 433 320 
2 0 0 0 0 341 100 432 320 
3 0 0 0 0 341 100 432 320 
4 0 0 0 0 341 100 432 320 
5 0 0 0 0 341 100 432 320 
6 0 0 0 0 341 100 432 320 
7 0 0 0 0 335 100 425 320 
8 0 0 0 0 337 100 424 320 
9 0 0 0 0 339 100 419 320 
10 0 0 0 0 340 100 430 320 
11 0 0 0 0 339 100 429 320 
12 0 0 0 0 338 100 428 320 
13 0 0 0 0 337 100 427 320 
14 0 0 0 0 339 100 422 320 
15 0 0 0 0 339 100 422 320 
16 0 0 0 0 334 100 421 320 
17 0 0 0 0 334 100 420 320 
18 0 0 0 0 334 100 419 320 
19 0 0 0 0 334 100 419 320 
20 0 0 0 0 334 100 419 320 
21 0 0 0 0 334 100 419 320 
22 0 0 0 0 334 100 419 320 
23 0 0 0 0 334 100 419 320 
24 0 0 0 0 334 100 419 320 
25 0 0 0 0 334 100 419 320 
26 0 0 0 0 334 100 419 320 
27 0 0 0 0 337 100 417 320 
28 0 0 0 0 334 100 413 320 
29 0 0 0 0 334 100 412 320 
30 0 0 0 0 334 100 412 320 
31 0 0 0 0 334 100 412 320 
32 0 0 0 0 334 100 412 320 
33 266 100 9 320 0 0 0 0 
34 266 100 9 320 0 0 0 0 
35 266 100 9 320 0 0 0 0 
36 266 100 9 320 0 0 0 0 
37 266 100 9 320 0 0 0 0 
38 266 100 9 320 0 0 0 0 
39 266 100 9 320 0 0 0 0 
40 266 100 9 320 0 0 0 0 
41 266 100 9 320 0 0 0 0 
42 266 100 9 320 0 0 0 0 
43 266 100 9 320 0 0 0 0 
44 266 100 -2 320 0 0 0 0 
45 265 100 -2 320 0 0 0 0 
46 264 100 -2 320 0 0 0 0 
47 264 100 -1 320 0 0 0 0 
48 264 100 0 320 0 0 0 0 
49 264 100 0 320 0 0 0 0 
50 264 100 0 320 0 0 0 0 
51 264 100 0 320 0 0 0 0 
52 264 100 0 320 0 0 0 0 
53 264 100 0 320 0 0 0 0 
54 264 100 0 320 0 0 0 0 
55 264 100 0 320 0 0 0 0 
56 264 100 0 320 0 0 0 0 
57 264 100 0 320 0 0 0 0 
58 264 100 0 320 0 0 0 0 
59 261 100 0 320 351 100 470 320 
60 261 100 0 320 350 100 469 320 
61 261 100 0 320 349 100 468 320 
62 270 100 2 320 351 100 468 320 
63 270 100 2 320 351 100 468 320 
64 270 100 2 320 351 100 468 320 
65 270 100 2 320 351 100 468 320 
66 270 100 2 320 351 100 468 320 
67 270 100 2 320 351 100 468 320 
68 270 100 2 320 351 100 468 320 
69 270 100 2 320 351 100 468 320 
70 270 100 2 320 351 100 468 320 
71 270 100 2 320 351 100 468 320 
72 269 100 7 320 355 100 476 320 
73 269 100 7 320 355 100 476 320 
74 269 100 7 320 355 100 476 320 
75 269 100 7 320 355 100 476 320 
76 269 100 7 320 355 100 476 320 
77 269 100 7 320 355 100 476 320 
78 269 100 7 320 355 100 476 320 
79 269 100 7 320 355 100 476 320 
80 269 100 7 320 355 100 476 320 
81 269 100 7 320 355 100 476 320 
82 269 100 7 320 355 100 476 320 
83 269 100 7 320 355 100 476 320 
84 269 100 7 320 355 100 476 320 
85 273 100 9 320 355 100 483 320 
86 273 100 9 320 355 100 483 320 
87 273 100 9 320 355 100 483 320 
88 273 100 9 320 355 100 483 320 
89 273 100 9 320 355 100 483 320 
90 273 100 9 320 355 100 483 320 
91 273 100 9 320 355 100 483 320 
92 273 100 9 320 355 100 483 320 
93 274 100 18 320 360 100 490 320 
94 274 100 18 320 360 100 490 320 
95 274 100 18 320 360 100 490 320 
96 274 100 18 320 360 100 490 320 
97 274 100 18 320 360 100 490 320 
98 0 0 0 0 0 0 0 0 
99 0 0 0 0 0 0 0 0 
100 0 0 0 0 0 0 0 0 
101 0 0 0 0 0 0 0 0 
102 0 0 0 0 0 0 0 0 
103 0 0 0 0 0 0 0 0 
104 0 0 0 0 0 0 0 0 
105 0 0 0 0 0 0 0 0 
106 0 0 0 0 0 0 0 0 
107 0 0 0 0 0 0 0 0 
108 0 0 0 0 0 0 0 0 
109 0 0 0 0 0 0 0 0 
110 0 0 0 0 0 0 0 0 
111 0 0 0 0 0 0 0 0 
112 0 0 0 0 0 0 0 0 
113 0 0 0 0 0 0 0 0 
114 0 0 0 0 0 0 0 0 
115 0 0 0 0 0 0 0 0 
116 0 0 0 0 0 0 0 0 
117 0 0 0 0 0 0 0 0 
118 0 0 0 0 0 0 0 0 
119 0 0 0 0 0 0 0 0 
120 0 0 0 0 0 0 0 0 
121 0 0 0 0 0 0 0 0 
122 0 0 0 0 0 0 0 0 
123 0 0 0 0 0 0 0 0 
124 0 0 0 0 0 0 0 0 
125 0 0 0 0 0 0 0 0 
126 0 0 0 0 0 0 0 0 
127 0 0 0 0 0 0 0 0 
128 0 0 0 0 0 0 0 0 
129 0 0 0 0 0 0 0 0 
130 0 0 0 0 0 0 0 0 
131 0 0 0 0 0 0 0 0 
132 0 0 0 0 0 0 0 0 
133 0 0 0 0 0 0 0 0 
134 0 0 0 0 0 0 0 0 
135 0 0 0 0 0 0 0 0 
136 0 0 0 0 0 0 0 0 
137 0 0 0 0 0 0 0 0 
138 0 0 0 0 0 0 0 0 
139 0 0 0 0 0 0 0 0 
140 0 0 0 0 0 0 0 0 
141 0 0 0 0 0 0 0 0 
142 0 0 0 0 0 0 0 0 
143 0 0 0 0 0 0 0 0 
144 0 0 0 0 0 0 0 0 
145 0 0 0 0 0 0 0 0 
146 252 100 -87 320 330 100 384 320 
147 252 100 -86 320 329 100 383 320 
148 252 100 -86 320 329 100 383 320 
149 252 100 -86 320 329 100 383 320 
150 252 100 -86 320 329 100 383 320 
151 253 100 -85 320 332 100 386 320 
152 253 100 -85 320 332 100 386 320 
153 253 100 -85 320 332 100 386 320 
154 253 100 -85 320 332 100 386 320 
155 253 100 -85 320 332 100 386 320 
156 253 100 -85 320 332 100 386 320 
157 253 100 -85 320 332 100 386 320 
158 253 100 -85 320 332 100 386 320 
159 255 100 -86 320 336 100 389 320 
160 254 100 -86 320 336 100 389 320 
161 254 100 -85 320 336 100 389 320 
162 253 100 -85 320 336 100 389 320 
163 253 100 -85 320 336 100 389 320 
164 253 100 -85 320 336 100 389 320 
165 261 100 -87 320 338 100 392 320 
166 261 100 -87 320 337 100 391 320 
167 261 100 -87 320 337 100 391 320 
168 261 100 -87 320 337 100 391 320 
169 262 100 -77 320 336 100 398 320 
170 261 100 -77 320 336 100 398 320 
171 267 100 -78 320 339 100 399 320 
172 267 100 -78 320 339 100 399 320 
173 267 100 -78 320 339 100 399 320 
174 267 100 -78 320 339 100 399 320 
175 267 100 -78 320 339 100 399 320 
176 267 100 -78 320 339 100 399 320 
177 0 0 0 0 0 0 0 0 
178 0 0 0 0 0 0 0 0 
179 0 0 0 0 0 0 0 0 
180 0 0 0 0 0 0 0 0 
181 0 0 0 0 0 0 0 0 
182 0 0 0 0 0 0 0 0 
183 255 100 -74 320 335 100 403 320 
184 248 100 -74 320 334 100 401 320 
185 248 100 -74 320 333 100 400 320 
186 248 100 -74 320 332 100 399 320 
187 248 100 -74 320 332 100 399 320 
188 248 100 -74 320 332 100 399 320 
189 255 100 -85 320 330 100 394 320 
190 255 100 -85 320 330 100 394 320 
191 255 100 -85 320 330 100 394 320 
192 255 100 -85 320 330 100 394 320 
193 255 100 -85 320 330 100 394 320 
194 255 100 -85 320 330 100 394 320 
195 250 100 -83 320 327 100 382 320 
196 249 100 -83 320 327 100 382 320 
197 249 100 -83 320 327 100 382 320 
198 244 100 -87 320 325 100 380 320 
199 244 100 -86 320 325 100 380 320 
200 244 100 -85 320 325 100 380 320 
201 246 100 -97 320 322 100 371 320 
202 246 100 -96 320 322 100 371 320 
203 246 100 -96 320 322 100 371 320 
204 246 100 -96 320 322 100 371 320 
205 246 100 -96 320 322 100 371 320 
206 246 100 -96 320 322 100 371 320 
207 246 100 -96 320 322 100 371 320 
208 246 100 -96 320 322 100 371 320 
209 246 100 -96 320 322 100 371 320 
210 243 100 -108 320 319 100 352 320 
211 243 100 -107 320 319 100 352 320 
212 243 100 -107 320 319 100 352 320 
213 240 100 -120 320 318 100 348 320 
214 242 100 -117 320 319 100 346 320 
215 242 100 -116 320 318 100 345 320 
216 242 100 -115 320 318 100 345 320 
217 242 100 -114 320 318 100 345 320 
218 242 100 -114 320 318 100 345 320 
219 238 100 -130 320 317 100 335 320 
220 238 100 -129 320 317 100 335 320 
221 238 100 -129 320 317 100 335 320 
222 238 100 -129 320 317 100 335 320 
223 238 100 -129 320 317 100 335 320 
224 238 100 -129 320 317 100 335 320 
225 238 100 -129 320 317 100 335 320 
226 238 100 -129 320 317 100 335 320 
227 238 100 -129 320 317 100 335 320 
228 238 100 -129 320 317 100 335 320 
229 245 100 -142 320 313 100 320 320 
230 245 100 -142 320 313 100 320 320 
231 245 100 -142 320 313 100 320 320 
232 245 100 -142 320 313 100 320 320 
233 245 100 -142 320 313 100 320 320 
234 245 100 -142 320 313 100 320 320 
235 245 100 -142 320 313 100 320 320 
236 244 100 -156 320 312 100 305 320 
237 243 100 -156 320 312 100 305 320 
238 243 100 -156 320 312 100 305 320 
239 243 100 -156 320 312 100 305 320 
240 243 100 -156 320 312 100 305 320 
241 243 100 -156 320 312 100 305 320 
242 236 100 -170 320 311 100 295 320 
243 236 100 -170 320 311 100 295 320 
244 248 100 -171 320 310 100 289 320 
245 248 100 -171 320 310 100 289 320 
246 246 100 -173 320 309 100 285 320 
247 239 100 -178 320 308 100 285 320 
248 239 100 -177 320 308 100 285 320 
249 239 100 -177 320 308 100 285 320 
250 239 100 -185 320 305 100 281 320 
251 239 100 -185 320 305 100 281 320 
252 229 100 -178 320 306 100 271 320 
253 228 100 -178 320 306 100 271 320 
254 227 100 -178 320 306 100 271 320 
255 231 100 -196 320 302 100 263 320 
256 231 100 -195 320 302 100 263 320 
257 231 100 -195 320 302 100 263 320 
258 228 100 -212 320 302 100 257 320 
259 228 100 -212 320 301 100 256 320 
260 228 100 -212 320 301 100 256 320 
261 228 100 -212 320 301 100 256 320 
262 228 100 -212 320 301 100 256 320 
263 228 100 -212 320 301 100 256 320 
264 226 100 -208 320 300 100 242 320 
265 226 100 -207 320 300 100 242 320 
266 225 100 -215 320 297 100 243 320 
267 225 100 -215 320 297 100 242 320 
268 225 100 -215 320 297 100 242 320 
269 218 100 -218 320 293 100 231 320 
270 218 100 -218 320 293 100 231 320 
271 218 100 -218 320 293 100 231 320 
272 218 100 -218 320 293 100 231 320 
273 291 100 219 320 372 100 707 320 
274 291 100 219 320 372 100 706 320 
275 291 100 219 320 372 100 706 320 
276 291 100 219 320 372 100 706 320 
277 291 100 219 320 372 100 706 320 
278 291 100 219 320 372 100 706 320 
279 291 100 203 320 0 0 0 0 
280 291 100 203 320 0 0 0 0 
281 291 100 203 320 0 0 0 0 
282 291 100 203 320 0 0 0 0 
283 291 100 203 320 0 0 0 0 
284 288 100 190 320 0 0 0 0 
285 288 100 190 320 0 0 0 0 
286 288 100 190 320 0 0 0 0 
287 285 100 183 320 0 0 0 0 
288 285 100 183 320 0 0 0 0 
289 285 100 183 320 0 0 0 0 
290 285 100 183 320 0 0 0 0 
291 285 100 183 320 0 0 0 0 
292 285 100 183 320 0 0 0 0 
293 283 100 174 320 0 0 0 0 
294 283 100 174 320 0 0 0 0 
295 283 100 174 320 0 0 0 0 
296 283 100 174 320 0 0 0 0 
297 283 100 171 320 0 0 0 0 
298 283 100 171 320 0 0 0 0 
299 283 100 171 320 0 0 0 0 
300 287 100 158 320 365 100 658 320 
301 287 100 158 320 365 100 658 320 
302 287 100 158 320 365 100 658 320 
303 283 100 162 320 367 100 646 320 
304 283 100 161 320 367 100 646 320 
305 283 100 161 320 367 100 646 320 
306 283 100 161 320 367 100 646 320 
307 283 100 161 320 367 100 646 320 
308 290 100 155 320 375 100 643 320 
309 290 100 155 320 374 100 643 320 
310 290 100 155 320 374 100 643 320 
311 290 100 155 320 374 100 643 320 
312 290 100 155 320 374 100 643 320 
313 290 100 155 320 374 100 643 320 
314 290 100 155 320 374 100 643 320 
315 290 100 155 320 374 100 643 320 
316 290 100 155 320 374 100 643 320 
317 290 100 155 320 374 100 643 320 
318 290 100 155 320 374 100 643 320 
319 290 100 155 320 374 100 643 320 
320 290 100 155 320 374 100 643 320 
321 290 100 155 320 374 100 643 320 
322 290 100 155 320 374 100 643 320 
323 290 100 155 320 374 100 643 320 
324 290 100 155 320 374 100 643 320 
325 290 100 155 320 374 100 643 320 
326 290 100 155 320 374 100 643 320 
327 290 100 155 320 374 100 643 320 
328 290 100 155 320 374 100 643 320 
329 290 100 155 320 374 100 643 320 
330 301 100 163 320 382 100 657 320 
331 301 100 163 320 382 100 657 320 
332 301 100 163 320 382 100 657 320 
333 301 100 163 320 382 100 657 320 
334 301 100 163 320 382 100 657 320 
335 301 100 163 320 382 100 657 320 
336 301 100 163 320 382 100 657 320 
337 301 100 163 320 382 100 657 320 
338 298 100 169 320 386 100 654 320 
339 298 100 168 320 386 100 654 320 
340 299 100 171 320 395 100 664 320 
341 299 100 171 320 395 100 664 320 
342 299 100 171 320 395 100 664 320 
343 299 100 171 320 395 100 664 320 
344 302 100 175 320 384 100 665 320 
345 302 100 174 320 384 100 665 320 
346 302 100 174 320 384 100 665 320 
347 302 100 174 320 384 100 665 320 
348 302 100 174 320 384 100 665 320 
349 305 100 181 320 388 100 696 320 
350 305 100 181 320 387 100 695 320 
351 307 100 186 320 388 100 690 320 
352 307 100 185 320 388 100 690 320 
353 307 100 185 320 388 100 690 320 
354 307 100 185 320 388 100 690 320 
355 307 100 185 320 388 100 690 320 
356 311 100 194 320 400 100 687 320 
357 311 100 194 320 400 100 687 320 
358 310 100 200 320 403 100 691 320 
359 310 100 200 320 403 100 691 320 
360 310 100 204 320 402 100 693 320 
361 310 100 204 320 402 100 693 320 
362 317 100 209 320 408 100 700 320 
363 317 100 209 320 408 100 700 320 
364 317 100 209 320 408 100 700 320 
365 315 100 230 320 412 100 710 320 
366 314 100 229 320 412 100 709 320 
367 314 100 229 320 412 100 709 320 
368 321 100 224 320 413 100 722 320 
369 321 100 224 320 413 100 722 320 
370 321 100 224 320 413 100 722 320 
371 325 100 236 320 418 100 728 320 
372 325 100 236 320 417 100 727 320 
373 325 100 236 320 417 100 727 320 
374 323 100 245 320 419 100 730 320 
375 322 100 244 320 419 100 730 320 
376 328 100 251 320 421 100 738 320 
377 328 100 250 320 421 100 738 320 
378 327 100 249 320 421 100 738 320 
379 329 100 261 320 0 0 0 0 
380 329 100 261 320 0 0 0 0 
381 335 100 270 320 0 0 0 0 
382 326 100 274 320 0 0 0 0 
383 339 100 278 320 0 0 0 0 
384 328 100 281 320 0 0 0 0 
385 0 0 0 0 0 0 0 0 
386 0 0 0 0 0 0 0 0 
387 0 0 0 0 0 0 0 0 
388 0 0 0 0 0 0 0 0 
389 0 0 0 0 0 0 0 0 
390 0 0 0 0 0 0 0 0 
391 0 0 0 0 0 0 0 0 
392 0 0 0 0 0 0 0 0 
393 0 0 0 0 0 0 0 0 
394 0 0 0 0 0 0 0 0 
395 0 0 0 0 0 0 0 0 
396 0 0 0 0 0 0 0 0 
397 0 0 0 0 0 0 0 0 
398 0 0 0 0 0 0 0 0 
399 273 100 -108 320 351 100 388 320 
400 273 100 -107 320 351 100 388 320 
401 272 100 -107 320 351 100 388 320 
402 272 100 -79 320 351 100 394 320 
403 272 100 -79 320 351 100 394 320 
404 272 100 -79 320 351 100 394 320 
405 275 100 -74 320 351 100 401 320 
406 275 100 -73 320 351 100 401 320 
407 275 100 -73 320 351 100 401 320 
408 275 100 -73 320 351 100 401 320 
409 272 100 -63 320 354 100 408 320 
410 272 100 -63 320 353 100 407 320 
411 271 100 -51 320 352 100 416 320 
412 279 100 -52 320 354 100 417 320 
413 278 100 -52 320 354 100 417 320 
414 279 100 -46 320 355 100 421 320 
415 282 100 -41 320 356 100 423 320 
416 282 100 -40 320 356 100 423 320 
417 282 100 -34 320 355 100 429 320 
418 282 100 -33 320 355 100 429 320 
419 280 100 -33 320 357 100 434 320 
420 280 100 -33 320 357 100 434 320 
421 282 100 -33 320 360 100 441 320 
422 282 100 -32 320 360 100 441 320 
423 280 100 -28 320 360 100 448 320 
424 274 100 -21 320 359 100 449 320 
425 281 100 -16 320 359 100 454 320 
426 281 100 -15 320 359 100 454 320 
427 284 100 -15 320 362 100 456 320 
428 284 100 -14 320 362 100 456 320 
429 284 100 -13 320 362 100 456 320 
430 284 100 -12 320 362 100 456 320 
431 281 100 -7 320 364 100 466 320 
432 282 100 -5 320 365 100 471 320 
433 282 100 -4 320 365 100 471 320 
434 282 100 2 320 365 100 474 320 
435 282 100 1 320 365 100 474 320 
436 282 100 0 320 365 100 474 320 
437 282 100 0 320 365 100 474 320 
438 282 100 0 320 365 100 474 320 
439 282 100 0 320 365 100 474 320 
440 282 100 0 320 365 100 474 320 
441 282 100 0 320 365 100 474 320 
442 282 100 0 320 365 100 474 320 
443 282 100 0 320 365 100 474 320 
444 282 100 0 320 365 100 474 320 
445 284 100 19 320 364 100 488 320 
446 283 100 18 320 364 100 488 320 
447 282 100 17 320 364 100 488 320 
448 281 100 16 320 364 100 488 320 
449 280 100 15 320 364 100 488 320 
450 275 100 19 320 369 100 499 320 
451 275 100 19 320 369 100 499 320 
452 275 100 19 320 365 100 503 320 
453 275 100 19 320 365 100 503 320 
454 275 100 19 320 365 100 503 320 
455 268 100 29 320 365 100 500 320 
456 268 100 28 320 365 100 500 320 
457 268 100 28 320 365 100 500 320 
458 268 100 28 320 365 100 500 320 
459 268 100 28 320 365 100 500 320 
460 268 100 28 320 365 100 500 320 
461 268 100 28 320 365 100 500 320 
462 266 100 26 320 368 100 510 320 
463 266 100 25 320 368 100 510 320 
464 266 100 25 320 368 100 510 320 
465 266 100 25 320 368 100 510 320 
